476
159
201
169
124
15
153
234
214
98
131
258
59
12
313
36
264
406
183
68
202
645
454
217
318
20
82
289
781
115
412
46
208
387
383
443
573
444
216
364
727
54
565
347
939
460
152
107
296
202
300
202
256
313
156
441
139
176
600
277
583
147
205
945
395
165
270
211
845
396
530
464
264
101
343
342
424
742
305
358
403
205
9
426
186
239
295
327
89
320
362
427
402
635
343
174
411
490
565
279
358
417
202
303
345
346
515
349
188
259
40
673
40
156
257
62
271
303
538
736
745
652
380
191
105
88
87
497
524
310
377
157
299
358
313
349
508
459
136
177
257
17
554
115
397
1077
151
355
531
303
116
543
416
70
142
211
209
150
246
471
93
423
85
684
4
475
625
50
232
114
97
54
472
491
210
11
170
569
139
58
246
61
79
243
461
325
8
611
593
295
533
433
423
363
334
358
201
45
133
741
346
63
229
34
116
234
103
724
406
605
71
60
408
186
455
65
498
110
239
527
112
415
883
432
401
251
128
509
160
635
647
404
27
942
280
313
481
534
418
118
618
751
983
164
494
1465
331
141
767
75
347
640
543
111
175
167
389
30
1352
142
286
368
424
787
393
77
815
905
689
772
1047
168
263
311
309
803
1069
134
409
79
265
476
119
394
240
873
138
230
27
657
564
994
240
610
367
254
369
196
94
697
204
629
137
466
151
65
442
404
123
597
173
1349
285
457
631
1078
209
993
81
222
